36
66
24
55
26
69
79
54
51
80
30
64
40
53
47
24
76
65
38
37
71
51
51
33
24
71
78
75
38
49
49
53
62
26
67
68
70
57
47
30
44
22
30
64
21
54
35
52
27
20
59
40
23
58
71
77
70
31
19
31
75
63
79
67
46
79
30
19
64
52
79
35
74
18
22
58
77
22
73
59
18
46
35
38
80
65
41
46
36
46
56
37
67
20
46
62
70
31
20
64
78
66
45
43
70
43
24
58
62
60
80
73
73
57
42
51
52
58
39
43
66
32
49
44
57
39
21
27
31
28
44
80
71
33
22
78
60
70
62
45
78
78
42
21
44
38
19
31
58
69
34
69
80
20
59
29
33
29
44
55
47
26
47
20
43
27
29
21
70
69
45
69
34
28
50
79
29
53
36
39
57
62
42
51
57
67
52
58
36
27
70
21
55
50
46
75
54
80
61
78
21
76
61
67
66
27
74
21
21
55
45
21
22
30
64
78
52
61
19
53
43
66
34
43
70
27
53
40
32
33
63
69
22
58
23
44
65
20
39
54
24
54
50
59
20
19
19
36
48
59
25
74
36
57
66
60
56
48
68
60
50
30
36
78
75
36
80
48
74
47
40
71
57
46
77
29
77
65
35
29
36
53
22
28
61
40
57
20
43
54
54
18
75
45
39
41
56
71
54
58
79
30
75
45
38
55
24
68
30
24
52
29
76
25
58
65
53
64
32
74
18
52
48
65
42
77
31
63
35
48
71
48
70
57
32
45
68
23
26
37
34
27
49
57
42
67
70
59
29
20
42
18
48
41
77
68
79
49
24
24
23
73
27
32
80
39
74
47
44
54
46
77
55
34
74
21
69
69
62
35
21
24
75
67
71
49
28
56
58
68
42
60
44
37
69
75
27
57
52
22
76
48
78
79
28
50
35
66
66
58
22
23
74
38
31
39
55
18
66
30
57
28
50
24
76
18
44
80
54
43
50
79
67
63
53
71
19
38
53
65
20
45
25
75
66
25
24
33
43
66
33
46
53
36
50
76
80
74
64
22
41
20
75
54
72
38
24
67
32
50
35
21
54
64
29
29
38
47
27
73
26
69
35
70
25
19
80
60
39
76
34
59
49
23
34
23
24
50
54
66
